.000155485  0.00015543  -5.27998e-05  
0.000137953  0.000138628  -0.0001528  
0.000157184  0.000168263  -5.27998e-05  
0.000144381  0.000140228  -0.0001528  
0.000168925  0.000165955  -5.27998e-05  
0.000154909  0.000139936  -0.0001528  
0.000185797  0.000169067  -5.27998e-05  
0.000167216  0.000154417  -0.0001528  
0.000192967  0.000174567  -5.27998e-05  
0.000173333  0.000144173  -0.0001528  
0.000189712  0.000160233  -5.27998e-05  
0.000168214  0.000137941  -0.0001528  
0.000175624  0.000162949  -5.27998e-05  
0.000152682  0.000137389  -0.0001528  
0.000178443  0.000161594  -5.27998e-05  
0.00015073  0.000137159  -0.0001528  
0.000159642  0.000166026  -5.27998e-05  
0.000137478  0.000141124  -0.0001528  
0.000166477  0.000165719  -5.27998e-05  
0.0001355  0.000142764  -0.0001528  
0.000159252  0.000171158  -5.27998e-05  
0.000133071  0.000145627  -0.0001528  
0.000157838  0.000169313  -5.27998e-05  
0.000140527  0.000134283  -0.0001528  
0.00014791  0.000157534  -5.27998e-05  
0.00012758  0.000139639  -0.0001528  
0.000148198  0.000154368  -5.27998e-05  
0.000134267  0.000129199  -0.0001528  
0.00015894  0.000156393  -5.27998e-05  
0.000134094  0.0001239  -0.0001528  
0.000156609  0.000137669  -5.27998e-05  
0.000177366  0.000150486  4.72002e-05  
0.000152249  0.000130113  -5.27998e-05  
0.000174311  0.000140351  4.72002e-05  
0.000150039  0.000105349  -5.27998e-05  
0.000171749  0.000119635  4.72002e-05  
0.00015784  0.00010275  -5.27998e-05  
0.00017479  0.000115397  4.72002e-05  
0.000163823  9.59538e-05  -5.27998e-05  
0.000187455  0.000104064  4.72002e-05  
0.000163574  9.3829e-05  -5.27998e-05  
0.000177638  0.000111178  4.72002e-05  
0.000155818  8.01298e-05  -5.27998e-05  
0.000176146  9.73379e-05  4.72002e-05  
0.00015642  6.92381e-05  -5.27998e-05  
0.000130548  4.24802e-05  -0.0001528  
0.000149718  6.24106e-05  -5.27998e-05  
0.000124195  3.8214e-05  -0.0001528  
0.000140973  5.70225e-05  -5.27998e-05  
0.000155399  7.40931e-05  4.72002e-05  
0.000137943  4.50572e-05  -5.27998e-05  
0.000165706  7.51815e-05  4.72002e-05  
0.000145425  5.18113e-05  -5.27998e-05  
0.000164609  7.5592e-05  4.72002e-05  
0.000147106  5.61753e-05  -5.27998e-05  
0.000166781  8.26785e-05  4.72002e-05  
0.000150643  6.34452e-05  -5.27998e-05  
0.000175171  8.14222e-05  4.72002e-05  
0.000161729  6.21957e-05  -5.27998e-05  
0.000136991  3.47212e-05  -0.0001528  
0.000170427  4.82126e-05  -5.27998e-05  
0.000186865  6.2546e-05  4.72002e-05  
0.000161179  4.62212e-05  -5.27998e-05  
0.000172141  7.1635e-05  4.72002e-05  
0.000163121  6.57796e-05  -5.27998e-05  
0.000182037  8.37247e-05  4.72002e-05  
0.000158053  6.40585e-05  -5.27998e-05  
0.000187195  7.27059e-05  4.72002e-05  
0.000155975  5.20183e-05  -5.27998e-05  
0.000165233  7.71764e-05  4.72002e-05  
0.000141754  4.6074e-05  -5.27998e-05  
0.000160865  6.95134e-05  4.72002e-05  
0.000144038  5.15054e-05  -5.27998e-05  
0.000164025  6.30747e-05  4.72002e-05  
0.000145506  4.36483e-05  -5.27998e-05  
0.000168251  5.73865e-05  4.72002e-05  
0.000145743  3.69978e-05  -5.27998e-05  
0.000170743  6.0587e-05  4.72002e-05  
0.000149482  2.78546e-05  -5.27998e-05  
0.000158463  4.98252e-05  4.72002e-05  
0.000144107  2.39231e-05  -5.27998e-05  
0.00017164  4.19148e-05  4.72002e-05  
0.000143755  3.99977e-05  -5.27998e-05  
0.000168866  6.31122e-05  4.72002e-05  
0.000138338  4.62804e-05  -5.27998e-05  
0.000159866  5.90357e-05  4.72002e-05  
0.000135104  4.3549e-05  -5.27998e-05  
0.000150193  7.01152e-05  4.72002e-05  
0.000128444  4.97465e-05  -5.27998e-05  
0.000143257  7.21515e-05  4.72002e-05  
0.000124667  5.52633e-05  -5.27998e-05  
0.000154959  7.24096e-05  4.72002e-05  
0.000133293  4.39627e-05  -5.27998e-05  
0.000159656  6.50717e-05  4.72002e-05  
0.000143709  4.77772e-05  -5.27998e-05  
0.000169978  6.11667e-05  4.72002e-05  
0.0001449  3.89035e-05  -5.27998e-05  
0.000160365  6.35237e-05  4.72002e-05  
0.00013539  4.76011e-05  -5.27998e-05  
9.43026e-05  2.62888e-05  -0.0001528  
0.000120675  6.27908e-05  -5.27998e-05  
0.000145002  8.31326e-05  4.72002e-05  
0.000119988  6.46003e-05  -5.27998e-05  
0.000142943  8.68529e-05  4.72002e-05  
0.000128991  6.68477e-05  -5.27998e-05  
0.000150828  8.97943e-05  4.72002e-05  
0.00012943  6.76892e-05  -5.27998e-05  
0.00010256  4.06857e-05  -0.0001528  
0.000125514  5.76045e-05  -5.27998e-05  
0.000134613  6.79229e-05  4.72002e-05  
0.000111647  5.52275e-05  -5.27998e-05  
0.00013097  6.9448e-05  4.72002e-05  
0.000113301  4.29554e-05  -5.27998e-05  
0.00013907  7.68391e-05  4.72002e-05  
0.000114478  5.67288e-05  -5.27998e-05  
0.000128197  7.66853e-05  4.72002e-05  
0.000106229  5.99035e-05  -5.27998e-05  
0.00011881  8.01141e-05  4.72002e-05  
9.92981e-05  4.87032e-05  -5.27998e-05  
0.000127428  7.72104e-05  4.72002e-05  
0.000100061  5.68805e-05  -5.27998e-05  
0.000122926  6.77653e-05  4.72002e-05  
9.63916e-05  4.46749e-05  -5.27998e-05  
0.00011953  6.73817e-05  4.72002e-05  
9.46217e-05  5.23415e-05  -5.27998e-05  
0.000125062  7.30088e-05  4.72002e-05  
0.000109812  5.53188e-05  -5.27998e-05  
0.000131607  8.11834e-05  4.72002e-05  
0.000119533  6.20536e-05  -5.27998e-05  
0.000130251  7.45437e-05  4.72002e-05  
0.000113063  5.06356e-05  -5.27998e-05  
0.000133218  5.95285e-05  4.72002e-05  
0.00011012  4.40579e-05  -5.27998e-05  
0.00012222  7.98311e-05  4.72002e-05  
9.54994e-05  5.52807e-05  -5.27998e-05  
0.000109526  7.42495e-05  4.72002e-05  
8.5158e-05  5.49855e-05  -5.27998e-05  
0.000106759  8.33426e-05  4.72002e-05  
8.30388e-05  7.40857e-05  -5.27998e-05  
0.000106062  0.000111662  4.72002e-05  
8.27767e-05  0.000105997  -5.27998e-05  
9.49829e-05  0.000134958  4.72002e-05  
6.5721e-05  0.000115974  -5.27998e-05  
9.02222e-05  0.000139494  4.72002e-05  
5.73931e-05  0.000121338  -5.27998e-05  
7.25527e-05  0.000146855  4.72002e-05  
5.731e-05  0.000120502  -5.27998e-05  
3.591e-05  8.59286e-05  -0.0001528  
5.75736e-05  0.000106456  -5.27998e-05  
8.89577e-05  0.000133163  4.72002e-05  
7.95058e-05  0.000119139  -5.27998e-05  
9.87934e-05  0.000132445  4.72002e-05  
7.49297e-05  0.00011984  -5.27998e-05  
8.89739e-05  0.000132391  4.72002e-05  
6.20307e-05  0.000107501  -5.27998e-05  
9.20765e-05  0.000129489  4.72002e-05  
7.27555e-05  0.000101245  -5.27998e-05  
8.31002e-05  0.000106154  4.72002e-05  
5.41246e-05  8.09841e-05  -5.27998e-05  
7.57608e-05  9.75032e-05  4.72002e-05  
6.02355e-05  7.78785e-05  -5.27998e-05  
7.99643e-05  0.000102763  4.72002e-05  
5.67224e-05  9.29411e-05  -5.27998e-05  
7.74592e-05  0.000117735  4.72002e-05  
6.54305e-05  8.69761e-05  -5.27998e-05  
7.87497e-05  0.000117374  4.72002e-05  
5.54989e-05  0.000102897  -5.27998e-05  
7.66122e-05  0.000115513  4.72002e-05  
6.91702e-05  8.86402e-05  -5.27998e-05  
9.09702e-05  0.000116121  4.72002e-05  
7.85355e-05  0.000101279  -5.27998e-05  
8.58858e-05  0.000113449  4.72002e-05  
6.34549e-05  8.7675e-05  -5.27998e-05  
8.57752e-05  0.000100808  4.72002e-05  
5.21416e-05  8.28677e-05  -5.27998e-05  
8.39838e-05  0.000108156  4.72002e-05  
6.973e-05  9.17632e-05  -5.27998e-05  
9.15098e-05  0.000118897  4.72002e-05  
6.96404e-05  8.10258e-05  -5.27998e-05  
9.51774e-05  9.6949e-05  4.72002e-05  
7.06033e-05  7.54726e-05  -5.27998e-05  
8.89335e-05  8.8899e-05  4.72002e-05  
7.88098e-05  7.30247e-05  -5.27998e-05  
9.24884e-05  9.26876e-05  4.72002e-05  
7.11229e-05  7.44372e-05  -5.27998e-05  
9.18781e-05  8.2156e-05  4.72002e-05  
7.20727e-05  4.71412e-05  -5.27998e-05  
9.86064e-05  6.24259e-05  4.72002e-05  
7.5812e-05  4.77069e-05  -5.27998e-05  
0.000103727  6.3639e-05  4.72002e-05  
8.01971e-05  4.70793e-05  -5.27998e-05  
9.54547e-05  5.89913e-05  4.72002e-05  
6.76712e-05  4.195e-05  -5.27998e-05  
8.95521e-05  6.23367e-05  4.72002e-05  
5.87179e-05  3.55452e-05  -5.27998e-05  
8.23999e-05  7.16621e-05  4.72002e-05  
6.1548e-05  5.04304e-05  -5.27998e-05  
8.6234e-05  7.6635e-05  4.72002e-05  
5.73449e-05  5.60684e-05  -5.27998e-05  
7.29271e-05  7.25079e-05  4.72002e-05  
5.87043e-05  4.73599e-05  -5.27998e-05  
8.40089e-05  6.10693e-05  4.72002e-05  
5.9403e-05  4.66236e-05  -5.27998e-05  
7.4454e-05  7.21521e-05  4.72002e-05  
6.33715e-05  3.72266e-05  -5.27998e-05  
7.69048e-05  5.18571e-05  4.72002e-05  
5.60396e-05  3.25359e-05  -5.27998e-05  
7.25661e-05  5.97648e-05  4.72002e-05  
4.52718e-05  3.86025e-05  -5.27998e-05  
6.8026e-05  6.01178e-05  4.72002e-05  
5.39379e-05  3.67088e-05  -5.27998e-05  
7.63174e-05  6.65662e-05  4.72002e-05  
6.49662e-05  3.29551e-05  -5.27998e-05  
7.70539e-05  4.94031e-05  4.72002e-05  
5.16795e-05  2.08913e-05  -5.27998e-05  
8.3475e-05  4.14653e-05  4.72002e-05  
6.4996e-05  1.67139e-05  -5.27998e-05  
9.30308e-05  3.7844e-05  4.72002e-05  
6.64681e-05  1.09364e-05  -5.27998e-05  
8.91883e-05  2.2595e-05  4.72002e-05  
8.19351e-05  -3.07765e-06  -5.27998e-05  
0.000105669  2.48457e-05  4.72002e-05  
7.73355e-05  8.6468e-06  -5.27998e-05  
0.000105733  2.25997e-05  4.72002e-05  
8.17903e-05  3.06098e-06  -5.27998e-05  
9.91131e-05  1.68229e-05  4.72002e-05  
7.67511e-05  -8.13193e-06  -5.27998e-05  
0.000100687  1.97634e-05  4.72002e-05  
8.39326e-05  6.44106e-06  -5.27998e-05  
0.000108998  3.48106e-05  4.72002e-05  
8.93403e-05  1.71716e-05  -5.27998e-05  
0.000109932  5.34498e-05  4.72002e-05  
8.92602e-05  2.63545e-05  -5.27998e-05  
0.00011441  5.40016e-05  4.72002e-05  
9.82521e-05  1.89073e-05  -5.27998e-05  
0.000126287  4.5744e-05  4.72002e-05  
9.97988e-05  2.85362e-05  -5.27998e-05  
0.000117625  5.30524e-05  4.72002e-05  
0.000110126  4.43434e-05  -5.27998e-05  
0.000123875  6.29665e-05  4.72002e-05  
0.000101559  4.89903e-05  -5.27998e-05  
0.00012655  7.75063e-05  4.72002e-05  
0.000108243  5.21542e-05  -5.27998e-05  
0.00011404  6.84009e-05  4.72002e-05  
9.3093e-05  4.57198e-05  -5.27998e-05  
0.000111928  7.69764e-05  4.72002e-05  
0.000101489  4.3655e-05  -5.27998e-05  
0.000121658  6.7021e-05  4.72002e-05  
9.9996e-05  3.55921e-05  -5.27998e-05  
0.000116066  6.12441e-05  4.72002e-05  
9.28633e-05  3.0123e-05  -5.27998e-05  
0.000111354  6.30989e-05  4.72002e-05  
9.57202e-05  4.60817e-05  -5.27998e-05  
0.000104384  7.28946e-05  4.72002e-05  
9.10497e-05  5.41763e-05  -5.27998e-05  
0.00011454  7.68806e-05  4.72002e-05  
0.000102021  5.58661e-05  -5.27998e-05  
0.000110811  8.3211e-05  4.72002e-05  
9.08048e-05  6.22107e-05  -5.27998e-05  
0.000106843  8.42563e-05  4.72002e-05  
9.48074e-05  6.31743e-05  -5.27998e-05  
0.00011308  8.21131e-05  4.72002e-05  
7.79939e-05  6.27518e-05  -5.27998e-05  
9.76579e-05  8.06611e-05  4.72002e-05  
7.18992e-05  6.24787e-05  -5.27998e-05  
9.3955e-05  8.90944e-05  4.72002e-05  
8.28125e-05  6.53157e-05  -5.27998e-05  
0.000101523  8.99686e-05  4.72002e-05  
8.09097e-05  7.45991e-05  -5.27998e-05  
0.000110809  0.000107649  4.72002e-05  
9.18076e-05  7.49449e-05  -5.27998e-05  
0.000107502  0.000100839  4.72002e-05  
8.73856e-05  9.60472e-05  -5.27998e-05  
0.000112519  0.000127247  4.72002e-05  
8.94125e-05  0.000112891  -5.27998e-05  
0.000106304  0.00013987  4.72002e-05  
8.72266e-05  0.000116678  -5.27998e-05  
0.000100895  0.000136972  4.72002e-05  
8.25663e-05  0.00011326  -5.27998e-05  
0.000103679  0.000124163  4.72002e-05  
8.5804e-05  0.000104208  -5.27998e-05  
9.90543e-05  0.000126217  4.72002e-05  
7.88355e-05  0.000104439  -5.27998e-05  
9.54546e-05  0.000123914  4.72002e-05  
7.59995e-05  0.00011145  -5.27998e-05  
0.000101554  0.000125704  4.72002e-05  
9.27686e-05  9.93147e-05  -5.27998e-05  
0.000125383  0.000112447  4.72002e-05  
0.000107837  7.8059e-05  -5.27998e-05  
0.000117903  0.000103548  4.72002e-05  
9.23777e-05  6.96485e-05  -5.27998e-05  
0.000112797  9.11495e-05  4.72002e-05  
8.98115e-05  6.73877e-05  -5.27998e-05  
0.00011308  8.35757e-05  4.72002e-05  
0.00010196  5.89496e-05  -5.27998e-05  
0.000125329  7.97321e-05  4.72002e-05  
0.000100451  6.24255e-05  -5.27998e-05  
0.000124281  8.87815e-05  4.72002e-05  
0.000103653  7.189e-05  -5.27998e-05  
0.000125736  9.87209e-05  4.72002e-05  
0.000110137  7.33128e-05  -5.27998e-05  
0.000126739  8.18424e-05  4.72002e-05  
0.000104764  6.34919e-05  -5.27998e-05  
0.000125211  7.06597e-05  4.72002e-05  
0.000100152  5.42955e-05  -5.27998e-05  
0.000117304  7.46875e-05  4.72002e-05  
0.000102751  5.44545e-05  -5.27998e-05  
0.000124032  6.71986e-05  4.72002e-05  
0.000105306  5.86456e-05  -5.27998e-05  
0.000134409  7.9186e-05  4.72002e-05  
0.000111114  6.02641e-05  -5.27998e-05  
0.000135082  7.81656e-05  4.72002e-05  
0.000105747  6.03357e-05  -5.27998e-05  
0.000125892  7.79304e-05  4.72002e-05  
0.000110129  6.41932e-05  -5.27998e-05  
0.000137731  7.60715e-05  4.72002e-05  
0.000121589  5.13171e-05  -5.27998e-05  
0.000135554  6.96997e-05  4.72002e-05  
0.000125888  5.59045e-05  -5.27998e-05  
0.00014404  6.99801e-05  4.72002e-05  
0.00012222  4.43825e-05  -5.27998e-05  
0.000146644  5.97604e-05  4.72002e-05  
0.000135262  4.33568e-05  -5.27998e-05  
0.000155189  6.02492e-05  4.72002e-05  
0.000140735  2.82886e-05  -5.27998e-05  
0.000156206  4.5763e-05  4.72002e-05  
0.000142421  3.02165e-05  -5.27998e-05  
0.000153133  4.17149e-05  4.72002e-05  
0.000136311  2.14996e-05  -5.27998e-05  
0.000154767  5.15041e-05  4.72002e-05  
0.000138214  2.01131e-05  -5.27998e-05  
0.000155993  4.60087e-05  4.72002e-05  
0.000135525  1.8969e-05  -5.27998e-05  
0.00015194  3.72875e-05  4.72002e-05  
0.000135917  1.27124e-05  -5.27998e-05  
0.000158449  3.94769e-05  4.72002e-05  
0.000132093  2.29194e-05  -5.27998e-05  
0.000153117  4.13878e-05  4.72002e-05  
0.000128764  2.56561e-05  -5.27998e-05  
0.000159053  4.58448e-05  4.72002e-05  
0.000142515  2.9387e-05  -5.27998e-05  
0.000153118  4.68949e-05  4.72002e-05  
0.000146469  2.10135e-05  -5.27998e-05  
0.000164215  3.83869e-05  4.72002e-05  
0.000143417  1.73836e-05  -5.27998e-05  
0.00016253  4.19534e-05  4.72002e-05  
0.000140558  3.5979e-05  -5.27998e-05  
0.000164209  4.89128e-05  4.72002e-05  
0.000140933  1.46554e-05  -5.27998e-05  
0.000166361  2.50513e-05  4.72002e-05  
0.000148279  2.09147e-05  -5.27998e-05  
0.000114104  2.54607e-06  -0.0001528  
0.000139233  2.67167e-05  -5.27998e-05  
0.000161653  3.9074e-05  4.72002e-05  
0.000140004  2.24355e-05  -5.27998e-05  
0.000160728  4.16716e-05  4.72002e-05  
0.000135397  1.29736e-05  -5.27998e-05  
0.000162393  4.01296e-05  4.72002e-05  
0.000140251  2.93984e-05  -5.27998e-05  
0.000158732  5.37361e-05  4.72002e-05  
0.000140929  2.80319e-05  -5.27998e-05  
0.000157315  5.73333e-05  4.72002e-05  
0.000141153  2.60856e-05  -5.27998e-05  
0.000159329  4.6917e-05  4.72002e-05  
0.000142156  3.19489e-05  -5.27998e-05  
0.000169496  6.31225e-05  4.72002e-05  
0.000154818  3.76744e-05  -5.27998e-05  
0.000176504  5.75306e-05  4.72002e-05  
0.000149213  3.29816e-05  -5.27998e-05  
0.000159996  6.19976e-05  4.72002e-05  
0.00013256  3.58684e-05  -5.27998e-05  
0.000141046  5.55066e-05  4.72002e-05  
0.0001299  3.75251e-05  -5.27998e-05  
0.000156015  5.73899e-05  4.72002e-05  
0.000141867  5.56828e-05  -5.27998e-05  
0.000148262  8.11268e-05  4.72002e-05  
0.000116591  5.29943e-05  -5.27998e-05  
0.000131  7.53631e-05  4.72002e-05  
0.000113406  4.98202e-05  -5.27998e-05  
0.000138036  7.17887e-05  4.72002e-05  
0.000121372  4.21828e-05  -5.27998e-05  
0.000139675  6.36976e-05  4.72002e-05  
0.000123461  4.33288e-05  -5.27998e-05  
0.000149131  6.62491e-05  4.72002e-05  
0.00013517  3.72148e-05  -5.27998e-05  
0.000144661  5.27974e-05  4.72002e-05  
0.000124539  2.94657e-05  -5.27998e-05  
0.000152229  4.59389e-05  4.72002e-05  
0.000134284  3.17726e-05  -5.27998e-05  
0.000153889  4.24743e-05  4.72002e-05  
0.000134167  2.31987e-05  -5.27998e-05  
0.000160059  3.87193e-05  4.72002e-05  
0.000144446  1.67485e-05  -5.27998e-05  
0.000170401  3.80533e-05  4.72002e-05  
0.000152862  9.88824e-06  -5.27998e-05  
0.000182133  2.8391e-05  4.72002e-05  
0.000162264  1.64418e-05  -5.27998e-05  
0.000187244  4.33573e-05  4.72002e-05  
0.000178456  1.8532e-05  -5.27998e-05  
0.00019707  3.73707e-05  4.72002e-05  
0.000168441  1.55978e-05  -5.27998e-05  
0.000180106  2.50304e-05  4.72002e-05  
0.000166967  1.57359e-05  -5.27998e-05  
0.00018634  2.96251e-05  4.72002e-05  
0.000167592  2.1608e-05  -5.27998e-05  
0.000180778  3.09625e-05  4.72002e-05  
0.000154923  2.87808e-07  -5.27998e-05  
0.000171906  2.37656e-05  4.72002e-05  
0.000152616  4.93004e-07  -5.27998e-05  
0.000177641  2.95863e-05  4.72002e-05  
0.000148248  -2.22711e-06  -5.27998e-05  
0.00017147  1.84166e-05  4.72002e-05  
0.000152888  1.34278e-06  -5.27998e-05  
0.000168469  3.71494e-05  4.72002e-05  
0.000151546  8.60311e-06  -5.27998e-05  
0.000170462  2.71099e-05  4.72002e-05  
0.000151174  6.65913e-06  -5.27998e-05  
0.000177726  2.97587e-05  4.72002e-05  
0.000148956  1.39148e-05  -5.27998e-05  
0.0001743  4.21449e-05  4.72002e-05  
0.000156178  1.67526e-05  -5.27998e-05  
0.000156178  4.66897e-05  4.72002e-05  
0.000136299  1.76224e-05  -5.27998e-05  
0.000164676  4.29951e-05  4.72002e-05  
0.000138736  3.1996e-05  -5.27998e-05  
0.000153669  6.43496e-05  4.72002e-05  
0.000139608  4.80157e-05  -5.27998e-05  
0.000157833  5.76699e-05  4.72002e-05  
0.000129557  3.06063e-05  -5.27998e-05  
0.000151138  4.15621e-05  4.72002e-05  
0.000125459  3.09746e-05  -5.27998e-05  
0.000144027  5.4167e-05  4.72002e-05  
0.000117961  4.06349e-05  -5.27998e-05  
0.000147804  6.90501e-05  4.72002e-05  
0.000132765  4.95606e-05  -5.27998e-05  
0.000157833  8.50357e-05  4.72002e-05  
0.000144489  7.34222e-05  -5.27998e-05  
0.000161745  8.53111e-05  4.72002e-05  
0.00014463  7.01249e-05  -5.27998e-05  
0.000165953  8.50989e-05  4.72002e-05  
0.000151977  7.17333e-05  -5.27998e-05  
0.000173559  8.92116e-05  4.72002e-05  
0.000149087  6.48096e-05  -5.27998e-05  
0.00012298  3.7305e-05  -0.0001528  
0.000144744  6.23909e-05  -5.27998e-05  
0.000158901  7.63217e-05  4.72002e-05  
0.000143237  4.96032e-05  -5.27998e-05  
0.000156571  7.23481e-05  4.72002e-05  
0.000125445  6.79751e-05  -5.27998e-05  
0.000132288  8.353e-05  4.72002e-05  
0.000104181  7.06854e-05  -5.27998e-05  
0.000113297  9.42822e-05  4.72002e-05  
9.89399e-05  7.12073e-05  -5.27998e-05  
0.000112483  9.05725e-05  4.72002e-05  
9.4409e-05  6.91539e-05  -5.27998e-05  
0.000108342  7.17587e-05  4.72002e-05  
8.56137e-05  4.42521e-05  -5.27998e-05  
0.000109215  5.81199e-05  4.72002e-05  
9.73526e-05  4.19844e-05  -5.27998e-05  
0.000116379  7.43832e-05  4.72002e-05  
9.80241e-05  6.02289e-05  -5.27998e-05  
0.000113687  7.81291e-05  4.72002e-05  
8.61605e-05  5.10893e-05  -5.27998e-05  
0.000102756  8.09677e-05  4.72002e-05  
7.73926e-05  6.13489e-05  -5.27998e-05  
9.34997e-05  8.86502e-05  4.72002e-05  
7.96352e-05  6.81378e-05  -5.27998e-05  
9.55433e-05  8.9019e-05  4.72002e-05  
7.24933e-05  6.71466e-05  -5.27998e-05  
0.000101374  8.73055e-05  4.72002e-05  
9.77464e-05  5.9987e-05  -5.27998e-05  
0.000122918  8.23401e-05  4.72002e-05  
9.12054e-05  6.48973e-05  -5.27998e-05  
0.000107482  8.41168e-05  4.72002e-05  
8.20526e-05  7.06915e-05  -5.27998e-05  
9.57821e-05  9.30115e-05  4.72002e-05  
7.38573e-05  6.34783e-05  -5.27998e-05  
9.78181e-05  8.20155e-05  4.72002e-05  
6.72548e-05  6.2487e-05  -5.27998e-05  
9.28686e-05  8.15047e-05  4.72002e-05  
8.14509e-05  6.88496e-05  -5.27998e-05  
9.73966e-05  8.51621e-05  4.72002e-05  
8.20856e-05  6.84063e-05  -5.27998e-05  
0.000100177  8.2081e-05  4.72002e-05  
8.59461e-05  6.36993e-05  -5.27998e-05  
9.79549e-05  7.65037e-05  4.72002e-05  
7.89663e-05  5.16717e-05  -5.27998e-05  
9.75446e-05  7.65323e-05  4.72002e-05  
8.7057e-05  6.05386e-05  -5.27998e-05  
0.000107039  9.58326e-05  4.72002e-05  
9.31976e-05  8.06527e-05  -5.27998e-05  
0.000113306  0.00010291  4.72002e-05  
9.26659e-05  7.03437e-05  -5.27998e-05  
0.000110734  9.2337e-05  4.72002e-05  
0.0001001  8.15796e-05  -5.27998e-05  
0.000116024  0.0001009  4.72002e-05  
9.60991e-05  7.83905e-05  -5.27998e-05  
0.00011944  9.32024e-05  4.72002e-05  
9.12516e-05  6.77787e-05  -5.27998e-05  
0.000114226  7.91047e-05  4.72002e-05  
9.71653e-05  5.30945e-05  -5.27998e-05  
0.000116715  6.87093e-05  4.72002e-05  
0.000110831  4.25799e-05  -5.27998e-05  
0.000129969  6.71083e-05  4.72002e-05  
0.000118373  4.20351e-05  -5.27998e-05  
0.000140103  6.06148e-05  4.72002e-05  
0.000122764  4.16421e-05  -5.27998e-05  
0.000150867  5.08922e-05  4.72002e-05  
0.000127479  2.1353e-05  -5.27998e-05  
0.000161851  3.20155e-05  4.72002e-05  
0.000145938  1.60717e-05  -5.27998e-05  
0.000165718  3.88147e-05  4.72002e-05  
0.000146374  1.92113e-05  -5.27998e-05  
0.000159828  3.9207e-05  4.72002e-05  
0.000137447  1.95195e-05  -5.27998e-05  
0.000159224  3.92566e-05  4.72002e-05  
0.000139934  7.06794e-06  -5.27998e-05  
0.000153961  3.06315e-05  4.72002e-05  
0.000126906  1.83791e-05  -5.27998e-05  
0.000153176  4.63731e-05  4.72002e-05  
0.000123475  3.29269e-05  -5.27998e-05  
0.000133056  5.05468e-05  4.72002e-05  
0.000107867  2.04504e-05  -5.27998e-05  
0.00012672  4.82797e-05  4.72002e-05  
0.000104711  1.07203e-05  -5.27998e-05  
0.000117617  2.76741e-05  4.72002e-05  
9.3448e-05  9.80316e-06  -5.27998e-05  
0.000126451  2.94418e-05  4.72002e-05  
0.000106517  1.18192e-05  -5.27998e-05  
0.000121968  3.53913e-05  4.72002e-05  
0.000100943  8.09026e-06  -5.27998e-05  
0.000116234  4.05998e-05  4.72002e-05  
8.95639e-05  1.62586e-05  -5.27998e-05  
0.000113356  4.12514e-05  4.72002e-05  
8.83522e-05  1.71088e-05  -5.27998e-05  
0.000112663  3.39798e-05  4.72002e-05  
0.000101019  2.90764e-06  -5.27998e-05  
0.000123398  2.33026e-05  4.72002e-05  
0.000110082  5.23674e-06  -5.27998e-05  
0.000133266  1.60279e-05  4.72002e-05  
0.000109762  -8.27312e-06  -5.27998e-05  
0.000143632  8.41367e-06  4.72002e-05  
0.00012873  -2.24859e-05  -5.27998e-05  
0.000158527  -8.56225e-07  4.72002e-05  
0.000133747  -2.51842e-05  -5.27998e-05  
0.000158358  -4.51972e-06  4.72002e-05  
0.000128183  -1.0839e-05  -5.27998e-05  
0.000145075  5.83647e-06  4.72002e-05  
0.000126565  -9.50874e-06  -5.27998e-05  
0.000152167  1.2447e-05  4.72002e-05  
0.000134266  -3.08114e-06  -5.27998e-05  
0.00015769  2.17182e-05  4.72002e-05  
0.000143776  -6.22595e-07  -5.27998e-05  
0.000159091  1.43895e-05  4.72002e-05  
0.000131188  -6.8199e-06  -5.27998e-05  
0.000150124  8.52887e-06  4.72002e-05  
0.000134538  -1.14496e-05  -5.27998e-05  
0.000148468  8.2279e-06  4.72002e-05  
0.000115017  -1.90364e-05  -5.27998e-05  
0.00014408  8.24797e-06  4.72002e-05  
0.000102834  -3.07985e-06  -5.27998e-05  
0.000131274  1.56843e-05  4.72002e-05  
0.000101654  1.19229e-06  -5.27998e-05  
0.000121219  9.36652e-06  4.72002e-05  
0.000111393  -8.74716e-06  -5.27998e-05  
0.000117653  1.54749e-05  4.72002e-05  
9.08702e-05  2.51972e-06  -5.27998e-05  
0.000111558  2.40808e-05  4.72002e-05  
8.32994e-05  3.16862e-06  -5.27998e-05  
0.0001156  2.48888e-05  4.72002e-05  
9.61145e-05  1.56899e-06  -5.27998e-05  
0.000119078  3.17575e-05  4.72002e-05  
0.000102896  5.4794e-06  -5.27998e-05  
0.000109671  1.73392e-05  4.72002e-05  
9.86861e-05  -1.20269e-05  -5.27998e-05  
0.000118978  8.42903e-06  4.72002e-05  
9.7316e-05  -1.00572e-05  -5.27998e-05  
0.000121291  5.86559e-06  4.72002e-05  
9.06393e-05  -1.07697e-05  -5.27998e-05  
0.000110008  1.37339e-05  4.72002e-05  
9.8374e-05  -1.68193e-05  -5.27998e-05  
0.000114298  2.35144e-06  4.72002e-05  
9.31661e-05  -1.69172e-05  -5.27998e-05  
0.000113788  9.42462e-06  4.72002e-05  
9.33016e-05  -7.3743e-06  -5.27998e-05  
0.000113833  1.6921e-05  4.72002e-05  
8.79608e-05  2.0786e-06  -5.27998e-05  
0.000110424  1.06307e-05  4.72002e-05  
8.91875e-05  -1.40742e-05  -5.27998e-05  
0.000101047  3.5583e-06  4.72002e-05  
7.3758e-05  -2.14324e-05  -5.27998e-05  
9.77829e-05  5.61332e-06  4.72002e-05  
6.92102e-05  -1.6831e-05  -5.27998e-05  
8.70529e-05  -1.8545e-06  4.72002e-05  
6.77847e-05  -2.64128e-05  -5.27998e-05  
8.56257e-05  3.01513e-06  4.72002e-05  
6.55755e-05  -1.43031e-05  -5.27998e-05  
9.75717e-05  1.50282e-05  4.72002e-05  
7.83648e-05  -8.56148e-06  -5.27998e-05  
9.93615e-05  1.42597e-05  4.72002e-05  
7.57969e-05  -6.24885e-06  -5.27998e-05  
8.4356e-05  2.19311e-05  4.72002e-05  
6.3953e-05  1.28895e-06  -5.27998e-05  
8.31869e-05  1.69579e-05  4.72002e-05  
6.35919e-05  -5.4981e-06  -5.27998e-05  
8.55768e-05  1.47054e-05  4.72002e-05  
7.07032e-05  -5.01289e-06  -5.27998e-05  
8.68483e-05  1.62936e-05  4.72002e-05  
6.87436e-05  -6.33868e-06  -5.27998e-05  
8.24252e-05  2.34177e-05  4.72002e-05  
6.21547e-05  -3.2071e-06  -5.27998e-05  
8.27363e-05  2.80559e-05  4.72002e-05  
5.76013e-05  1.93492e-05  -5.27998e-05  
8.12663e-05  4.92065e-05  4.72002e-05  
6.68918e-05  2.73286e-05  -5.27998e-05  
8.22069e-05  4.68069e-05  4.72002e-05  
5.67861e-05  3.02907e-05  -5.27998e-05  
7.66322e-05  4.20878e-05  4.72002e-05  
6.2186e-05  2.57503e-05  -5.27998e-05  
8.32409e-05  4.58091e-05  4.72002e-05  
5.57096e-05  2.4982e-05  -5.27998e-05  
8.21392e-05  4.52678e-05  4.72002e-05  
5.39754e-05  2.98558e-05  -5.27998e-05  
7.27454e-05  5.28871e-05  4.72002e-05  
4.93883e-05  2.88779e-05  -5.27998e-05  
8.54203e-05  5.33548e-05  4.72002e-05  
7.4661e-05  2.43275e-05  -5.27998e-05  
9.70107e-05  6.32386e-05  4.72002e-05  
7.52163e-05  5.05787e-05  -5.27998e-05  
8.14194e-05  6.48648e-05  4.72002e-05  
6.60307e-05  4.77544e-05  -5.27998e-05  
8.12141e-05  7.30084e-05  4.72002e-05  
6.26541e-05  5.83673e-05  -5.27998e-05  
8.4827e-05  8.33545e-05  4.72002e-05  
6.75773e-05  6.72613e-05  -5.27998e-05  
9.19334e-05  8.50207e-05  4.72002e-05  
6.32031e-05  6.20677e-05  -5.27998e-05  
8.36074e-05  7.32569e-05  4.72002e-05  
6.05876e-05  4.92594e-05  -5.27998e-05  
7.91618e-05  7.03999e-05  4.72002e-05  
6.47594e-05  5.69606e-05  -5.27998e-05  
7.95857e-05  8.48962e-05  4.72002e-05  
5.61999e-05  6.58781e-05  -5.27998e-05  
7.53359e-05  9.04185e-05  4.72002e-05  
5.10001e-05  6.49914e-05  -5.27998e-05  
6.69351e-05  9.0153e-05  4.72002e-05  
5.11949e-05  6.07338e-05  -5.27998e-05  
6.8759e-05  7.78154e-05  4.72002e-05  
4.19484e-05  6.28617e-05  -5.27998e-05  
5.40078e-05  8.18614e-05  4.72002e-05  
2.53646e-05  5.87777e-05  -5.27998e-05  
4.59074e-05  7.38658e-05  4.72002e-05  
2.7046e-05  5.94363e-05  -5.27998e-05  
5.25102e-05  8.48457e-05  4.72002e-05  
1.61744e-05  8.31675e-05  -5.27998e-05  
3.49735e-05  0.000101459  4.72002e-05  
1.93898e-05  8.32694e-05  -5.27998e-05  
3.91056e-05  0.000113716  4.72002e-05  
2.22365e-05  9.76648e-05  -5.27998e-05  
4.3731e-05  0.000115098  4.72002e-05  
1.36375e-05  9.6833e-05  -5.27998e-05  
3.25835e-05  0.000109666  4.72002e-05  
1.28901e-05  8.04677e-05  -5.27998e-05  
2.71465e-05  0.000104082  4.72002e-05  
1.0122e-05  8.39013e-05  -5.27998e-05  
2.78124e-05  0.000104115  4.72002e-05  
1.12508e-05  8.93799e-05  -5.27998e-05  
3.81146e-05  0.000105997  4.72002e-05  
1.94866e-05  9.14245e-05  -5.27998e-05  
4.33103e-05  0.000110446  4.72002e-05  
2.37689e-05  9.42324e-05  -5.27998e-05  
4.41306e-05  0.000110314  4.72002e-05  
2.60741e-05  7.39351e-05  -5.27998e-05  
5.60816e-05  9.22092e-05  4.72002e-05  
4.18256e-05  6.54118e-05  -5.27998e-05  
5.91932e-05  8.41661e-05  4.72002e-05  
4.06082e-05  6.24181e-05  -5.27998e-05  
5.54882e-05  9.90157e-05  4.72002e-05  
4.51278e-05  7.4108e-05  -5.27998e-05  
6.40523e-05  9.24098e-05  4.72002e-05  
3.97718e-05  6.56748e-05  -5.27998e-05  
6.53291e-05  7.04013e-05  4.72002e-05  
5.18283e-05  4.84207e-05  -5.27998e-05  
7.11082e-05  6.32704e-05  4.72002e-05  
5.28069e-05  4.28111e-05  -5.27998e-05  
8.37272e-05  4.74761e-05  4.72002e-05  
6.25598e-05  2.07023e-05  -5.27998e-05  
7.59236e-05  3.43696e-05  4.72002e-05  
6.41516e-05  8.4578e-06  -5.27998e-05  
8.39034e-05  2.47388e-05  4.72002e-05  
6.79479e-05  1.28613e-05  -5.27998e-05  
8.69118e-05  3.33753e-05  4.72002e-05  
6.47499e-05  2.12337e-05  -5.27998e-05  
9.78288e-05  5.1191e-05  4.72002e-05  
8.36961e-05  3.32366e-05  -5.27998e-05  
0.000107636  5.28082e-05  4.72002e-05  
9.42754e-05  2.55542e-05  -5.27998e-05  
0.00010118  6.27394e-05  4.72002e-05  
7.57436e-05  4.50998e-05  -5.27998e-05  
9.18942e-05  5.9235e-05  4.72002e-05  
6.87751e-05  4.94667e-05  -5.27998e-05  
9.42624e-05  6.90192e-05  4.72002e-05  
7.05449e-05  4.58132e-05  -5.27998e-05  
9.19404e-05  5.88465e-05  4.72002e-05  
7.0814e-05  4.11758e-05  -5.27998e-05  
9.26055e-05  5.6094e-05  4.72002e-05  
6.81137e-05  3.65869e-05  -5.27998e-05  
8.15965e-05  6.66489e-05  4.72002e-05  
6.56969e-05  4.68124e-05  -5.27998e-05  
9.13684e-05  6.20262e-05  4.72002e-05  
8.32665e-05  4.42045e-05  -5.27998e-05  
9.79313e-05  7.54558e-05  4.72002e-05  
7.86141e-05  3.94342e-05  -5.27998e-05  
9.04907e-05  6.09048e-05  4.72002e-05  
6.87525e-05  3.92871e-05  -5.27998e-05  
8.87462e-05  6.03522e-05  4.72002e-05  
6.67695e-05  4.39361e-05  -5.27998e-05  
8.48018e-05  5.77276e-05  4.72002e-05  
6.3249e-05  2.74254e-05  -5.27998e-05  
7.93711e-05  5.0891e-05  4.72002e-05  
6.38409e-05  2.07418e-05  -5.27998e-05  
8.00657e-05  4.02355e-05  4.72002e-05  
5.86591e-05  2.3426e-05  -5.27998e-05  
8.19964e-05  4.64414e-05  4.72002e-05  
5.60129e-05  3.23946e-05  -5.27998e-05  
9.03782e-05  6.08333e-05  4.72002e-05  
6.61786e-05  4.49363e-05  -5.27998e-05  
8.56609e-05  6.38144e-05  4.72002e-05  
6.55367e-05  3.33451e-05  -5.27998e-05  
8.92453e-05  5.29067e-05  4.72002e-05  
7.18713e-05  3.46307e-05  -5.27998e-05  
9.4034e-05  6.09936e-05  4.72002e-05  
7.98794e-05  3.18687e-05  -5.27998e-05  
0.000100691  4.74544e-05  4.72002e-05  
7.83803e-05  1.68975e-05  -5.27998e-05  
9.61257e-05  4.28585e-05  4.72002e-05  
9.08448e-05  2.16579e-05  -5.27998e-05  
0.000112025  5.17851e-05  4.72002e-05  
8.51559e-05  3.42273e-05  -5.27998e-05  
9.76745e-05  5.53905e-05  4.72002e-05  
5.98617e-05  4.84694e-05  -5.27998e-05  
6.92991e-05  6.73263e-05  4.72002e-05  
5.12381e-05  4.35583e-05  -5.27998e-05  
7.21875e-05  6.71541e-05  4.72002e-05  
5.01754e-05  3.34392e-05  -5.27998e-05  
7.90061e-05  6.15651e-05  4.72002e-05  
5.47979e-05  4.52808e-05  -5.27998e-05  
6.92793e-05  7.45534e-05  4.72002e-05  
5.62759e-05  6.40273e-05  -5.27998e-05  
8.08339e-05  8.08946e-05  4.72002e-05  
5.85373e-05  5.82586e-05  -5.27998e-05  
7.6705e-05  7.75788e-05  4.72002e-05  
5.28518e-05  4.71196e-05  -5.27998e-05  
8.4428e-05  6.60375e-05  4.72002e-05  
6.17973e-05  4.21559e-05  -5.27998e-05  
8.07558e-05  6.52348e-05  4.72002e-05  
6.67209e-05  4.46291e-05  -5.27998e-05  
0.000102173  5.69739e-05  4.72002e-05  
8.36231e-05  4.38435e-05  -5.27998e-05  
0.000115962  5.98521e-05  4.72002e-05  
9.70713e-05  3.80671e-05  -5.27998e-05  
0.000118154  6.86179e-05  4.72002e-05  
9.3113e-05  4.76766e-05  -5.27998e-05  
0.000109027  6.17666e-05  4.72002e-05  
8.55611e-05  4.39478e-05  -5.27998e-05  
0.000105709  5.57776e-05  4.72002e-05  
8.39259e-05  3.94797e-05  -5.27998e-05  
0.000106071  4.62738e-05  4.72002e-05  
8.46274e-05  3.02519e-05  -5.27998e-05  
0.000109665  4.39177e-05  4.72002e-05  
9.10226e-05  2.09111e-05  -5.27998e-05  
0.000102899  3.48327e-05  4.72002e-05  
6.73519e-05  1.37591e-05  -5.27998e-05  
9.26955e-05  3.90043e-05  4.72002e-05  
7.87082e-05  2.93518e-05  -5.27998e-05  
0.000100222  4.34517e-05  4.72002e-05  
7.82759e-05  2.91096e-05  -5.27998e-05  
9.43173e-05  5.91326e-05  4.72002e-05  
6.98889e-05  3.9694e-05  -5.27998e-05  
9.60603e-05  5.49917e-05  4.72002e-05  
7.17072e-05  3.25444e-05  -5.27998e-05  
0.000100869  4.86487e-05  4.72002e-05  
7.57145e-05  3.45481e-05  -5.27998e-05  
9.86373e-05  5.52236e-05  4.72002e-05  
6.65281e-05  3.35074e-05  -5.27998e-05  
8.76802e-05  5.82268e-05  4.72002e-05  
6.92489e-05  3.67835e-05  -5.27998e-05  
9.23794e-05  5.94111e-05  4.72002e-05  
8.32372e-05  5.29622e-05  -5.27998e-05  
0.000106095  7.59433e-05  4.72002e-05  
8.40462e-05  6.67803e-05  -5.27998e-05  
0.000114178  9.50265e-05  4.72002e-05  
9.24405e-05  7.50531e-05  -5.27998e-05  
0.00011583  9.99672e-05  4.72002e-05  
9.08765e-05  8.68477e-05  -5.27998e-05  
0.000106487  0.000104428  4.72002e-05  
8.05944e-05  8.26347e-05  -5.27998e-05  
0.000112178  0.000110397  4.72002e-05  
8.19527e-05  9.09448e-05  -5.27998e-05  
9.6736e-05  0.000113622  4.72002e-05  
7.43672e-05  8.5954e-05  -5.27998e-05  
8.66597e-05  9.95025e-05  4.72002e-05  
5.47712e-05  7.91806e-05  -5.27998e-05  
7.36123e-05  0.000104638  4.72002e-05  
5.86612e-05  8.19946e-05  -5.27998e-05  
7.87499e-05  0.000112511  4.72002e-05  
5.87781e-05  9.14758e-05  -5.27998e-05  
8.17696e-05  0.0001179  4.72002e-05  
5.78995e-05  9.63867e-05  -5.27998e-05  
8.14262e-05  0.000115112  4.72002e-05  
5.48805e-05  7.99527e-05  -5.27998e-05  
7.43943e-05  9.13466e-05  4.72002e-05  
5.04149e-05  7.95211e-05  -5.27998e-05  
7.11559e-05  0.000100068  4.72002e-05  
4.18427e-05  8.48935e-05  -5.27998e-05  
5.52172e-05  0.000112852  4.72002e-05  
3.90687e-05  9.13504e-05  -5.27998e-05  
6.07782e-05  0.00012213  4.72002e-05  
4.42902e-05  9.32141e-05  -5.27998e-05  
7.23844e-05  0.000113871  4.72002e-05  
5.74462e-05  9.92255e-05  -5.27998e-05  
6.4183e-05  0.000124938  4.72002e-05  
5.10386e-05  0.000111819  -5.27998e-05  
7.61556e-05  0.00012471  4.72002e-05  
3.70055e-05  9.92812e-05  -5.27998e-05  
6.15981e-05  0.000123576  4.72002e-05  
3.61265e-05  0.00010221  -5.27998e-05  
5.61445e-05  0.000118511  4.72002e-05  
3.88851e-05  9.59736e-05  -5.27998e-05  
4.814e-05  0.000117349  4.72002e-05  
3.24423e-05  9.08475e-05  -5.27998e-05  
5.10668e-05  0.000112349  4.72002e-05  
2.4987e-05  9.63812e-05  -5.27998e-05  
5.30339e-05  0.000123114  4.72002e-05  
2.55051e-05  9.59731e-05  -5.27998e-05  
4.99595e-05  0.000119909  4.72002e-05  
2.00402e-05  9.66832e-05  -5.27998e-05  
3.34286e-05  0.000108948  4.72002e-05  
1.69905e-05  8.00568e-05  -5.27998e-05  
3.79928e-05  9.02763e-05  4.72002e-05  
2.14167e-05  7.91047e-05  -5.27998e-05  
4.09737e-05  9.8071e-05  4.72002e-05  
1.49653e-05  7.9268e-05  -5.27998e-05  
4.10423e-05  9.11578e-05  4.72002e-05  
1.51492e-05  6.82462e-05  -5.27998e-05  
3.28742e-05  9.70019e-05  4.72002e-05  
1.82971e-05  8.34809e-05  -5.27998e-05  
4.45184e-05  0.000111424  4.72002e-05  
3.29337e-05  0.000105272  -5.27998e-05  
4.9052e-05  0.000115178  4.72002e-05  
3.49066e-05  9.37158e-05  -5.27998e-05  
5.43611e-05  0.00011348  4.72002e-05  
2.94505e-05  9.42478e-05  -5.27998e-05  
5.7543e-05  0.000121796  4.72002e-05  
3.93353e-05  9.64383e-05  -5.27998e-05  
5.18375e-05  9.78574e-05  4.72002e-05  
3.73769e-05  6.77523e-05  -5.27998e-05  
5.68558e-05  8.60437e-05  4.72002e-05  
3.27715e-05  6.06898e-05  -5.27998e-05  
6.13452e-05  8.19536e-05  4.72002e-05  
3.77103e-05  5.4009e-05  -5.27998e-05  
6.22624e-05  7.90253e-05  4.72002e-05  
4.20958e-05  5.97204e-05  -5.27998e-05  
6.18683e-05  7.08313e-05  4.72002e-05  
4.12624e-05  4.36943e-05  -5.27998e-05  
6.69282e-05  7.94289e-05  4.72002e-05  
5.51361e-05  6.00482e-05  -5.27998e-05  
6.56873e-05  8.38287e-05  4.72002e-05  
3.7963e-05  6.18718e-05  -5.27998e-05  
5.33433e-05  7.72865e-05  4.72002e-05  
4.10562e-05  5.0252e-05  -5.27998e-05  
6.94772e-05  6.92623e-05  4.72002e-05  
3.61599e-05  4.48877e-05  -5.27998e-05  
4.54331e-05  6.70793e-05  4.72002e-05  
2.5397e-05  4.51553e-05  -5.27998e-05  
4.14959e-05  7.37643e-05  4.72002e-05  
1.5164e-05  5.37723e-05  -5.27998e-05  
4.36685e-05  5.50899e-05  4.72002e-05  
3.11607e-05  4.51047e-05  -5.27998e-05  
5.31314e-05  6.93142e-05  4.72002e-05  
3.00226e-05  5.16537e-05  -5.27998e-05  
4.95321e-05  6.4159e-05  4.72002e-05  
3.21647e-05  3.32592e-05  -5.27998e-05  
5.79834e-05  4.73335e-05  4.72002e-05  
4.70051e-05  2.8435e-05  -5.27998e-05  
6.88349e-05  5.33688e-05  4.72002e-05  
5.16649e-05  3.60791e-05  -5.27998e-05  
7.42109e-05  6.06995e-05  4.72002e-05  
4.16204e-05  3.5151e-05  -5.27998e-05  
5.91758e-05  5.84553e-05  4.72002e-05  
4.74555e-05  2.9337e-05  -5.27998e-05  
6.46648e-05  6.24968e-05  4.72002e-05  
4.62767e-05  3.47844e-05  -5.27998e-05  
6.79345e-05  5.92225e-05  4.72002e-05  
4.26801e-05  2.71254e-05  -5.27998e-05  
6.42212e-05  4.9461e-05  4.72002e-05  
4.13401e-05  2.08195e-05  -5.27998e-05  
6.16536e-05  4.94737e-05  4.72002e-05  
3.93595e-05  2.16744e-05  -5.27998e-05  
6.88813e-05  3.64222e-05  4.72002e-05  
4.78197e-05  2.14192e-05  -5.27998e-05  
6.75543e-05  3.57722e-05  4.72002e-05  
4.28916e-05  1.84704e-05  -5.27998e-05  
7.49674e-05  4.24977e-05  4.72002e-05  
5.53149e-05  3.06033e-05  -5.27998e-05  
7.73501e-05  5.34866e-05  4.72002e-05  
4.86174e-05  1.97318e-05  -5.27998e-05  
6.71934e-05  2.97216e-05  4.72002e-05  
4.69302e-05  4.9509e-06  -5.27998e-05  
6.08986e-05  1.60125e-05  4.72002e-05  
3.47261e-05  -4.46867e-06  -5.27998e-05  
6.1621e-05  1.40699e-05  4.72002e-05  
3.84265e-05  -3.39455e-06  -5.27998e-05  
5.33619e-05  1.71771e-05  4.72002e-05  
3.58788e-05  -1.17775e-05  -5.27998e-05  
5.28517e-05  7.06103e-06  4.72002e-05  
2.7461e-05  -1.85695e-05  -5.27998e-05  
4.60728e-05  7.06898e-06  4.72002e-05  
2.28298e-05  -7.90605e-06  -5.27998e-05  
4.75709e-05  1.0635e-05  4.72002e-05  
3.31981e-05  -1.35545e-05  -5.27998e-05  
5.4892e-05  6.67758e-06  4.72002e-05  
3.1445e-05  -1.61612e-05  -5.27998e-05  
4.46501e-05  1.42933e-06  4.72002e-05  
2.54543e-05  -2.10226e-05  -5.27998e-05  
5.64144e-05  -2.59848e-07  4.72002e-05  
2.58288e-05  -2.8228e-05  -5.27998e-05  
5.70327e-05  4.90446e-06  4.72002e-05  
2.83194e-05  -1.6065e-05  -5.27998e-05  
4.06819e-05  1.9536e-06  4.72002e-05  
2.32417e-05  -1.29946e-05  -5.27998e-05  
4.07182e-05  8.56136e-06  4.72002e-05  
1.60427e-05  -2.1091e-05  -5.27998e-05  
3.70004e-05  -4.17222e-06  4.72002e-05  
2.3289e-05  -2.72558e-05  -5.27998e-05  
4.76246e-05  -8.72884e-06  4.72002e-05  
2.16741e-05  -3.3591e-05  -5.27998e-05  
4.05783e-05  -2.3497e-05  4.72002e-05  
1.58368e-05  -5.2773e-05  -5.27998e-05  
5.14724e-05  -3.66906e-05  4.72002e-05  
2.70958e-05  -6.94483e-05  -5.27998e-05  
4.49516e-05  -5.3477e-05  4.72002e-05  
2.28323e-05  -6.95482e-05  -5.27998e-05  
5.41259e-05  -4.75393e-05  4.72002e-05  
3.10875e-05  -7.04876e-05  -5.27998e-05  
4.55046e-05  -3.10891e-05  4.72002e-05  
1.95907e-05  -4.88728e-05  -5.27998e-05  
4.13627e-05  -2.99551e-05  4.72002e-05  
2.68106e-05  -5.29027e-05  -5.27998e-05  
5.39913e-05  -3.77896e-05  4.72002e-05  
2.40846e-05  -6.55185e-05  -5.27998e-05  
4.13877e-05  -4.27293e-05  4.72002e-05  
2.93548e-05  -6.11952e-05  -5.27998e-05  
4.25667e-05  -3.97158e-05  4.72002e-05  
2.51322e-05  -5.08154e-05  -5.27998e-05  
4.89068e-05  -3.96127e-05  4.72002e-05  
2.60125e-05  -5.79526e-05  -5.27998e-05  
5.55617e-05  -3.62216e-05  4.72002e-05  
4.14796e-05  -6.30103e-05  -5.27998e-05  
4.82504e-05  -3.89059e-05  4.72002e-05  
3.87369e-05  -5.46143e-05  -5.27998e-05  
6.20352e-05  -3.37159e-05  4.72002e-05  
4.21758e-05  -4.16952e-05  -5.27998e-05  
6.46054e-05  -2.63159e-05  4.72002e-05  
4.69521e-05  -5.07591e-05  -5.27998e-05  
7.41134e-05  -2.17031e-05  4.72002e-05  
5.63386e-05  -5.02607e-05  -5.27998e-05  
6.80797e-05  -3.24489e-05  4.72002e-05  
5.59629e-05  -5.17672e-05  -5.27998e-05  
7.80486e-05  -4.08225e-05  4.72002e-05  
6.36428e-05  -6.62006e-05  -5.27998e-05  
8.24948e-05  -4.22417e-05  4.72002e-05  
7.02744e-05  -6.92809e-05  -5.27998e-05  
9.45579e-05  -5.0147e-05  4.72002e-05  
6.72093e-05  -8.07725e-05  -5.27998e-05  
9.13039e-05  -6.34133e-05  4.72002e-05  
6.86542e-05  -8.97534e-05  -5.27998e-05  
8.10661e-05  -7.26178e-05  4.72002e-05  
6.52753e-05  -9.45031e-05  -5.27998e-05  
8.63852e-05  -8.29588e-05  4.72002e-05  
5.53685e-05  -9.28594e-05  -5.27998e-05  
6.68116e-05  -6.27325e-05  4.72002e-05  
4.49018e-05  -8.3498e-05  -5.27998e-05  
6.84486e-05  -6.34367e-05  4.72002e-05  
5.23074e-05  -9.08292e-05  -5.27998e-05  
8.0032e-05  -7.3369e-05  4.72002e-05  
5.91577e-05  -9.38128e-05  -5.27998e-05  
8.28685e-05  -6.69716e-05  4.72002e-05  
5.85851e-05  -7.78924e-05  -5.27998e-05  
7.31479e-05  -4.77401e-05  4.72002e-05  
6.12621e-05  -7.2222e-05  -5.27998e-05  
7.71306e-05  -6.19588e-05  4.72002e-05  
5.04188e-05  -8.81702e-05  -5.27998e-05  
7.17772e-05  -7.26578e-05  4.72002e-05  
5.05191e-05  -9.08052e-05  -5.27998e-05  
6.12232e-05  -7.73702e-05  4.72002e-05  
4.13531e-05  -0.000100763  -5.27998e-05  
6.38066e-05  -8.43828e-05  4.72002e-05  
4.87264e-05  -0.000108591  -5.27998e-05  
6.6528e-05  -9.75665e-05  4.72002e-05  
6.6528e-05  -2.47971e-05  0.0001472  
-1.87223e-05  -8.90059e-05  4.72002e-05  
5.32241e-05  -2.17714e-05  0.0001472  
-3.18951e-05  -9.60372e-05  4.72002e-05  
4.73297e-05  -1.24959e-05  0.0001472  
-3.70819e-05  -9.54673e-05  4.72002e-05  
4.8488e-05  -1.64978e-05  0.0001472  
-2.11029e-05  -8.85013e-05  4.72002e-05  
5.95521e-05  -1.09501e-05  0.0001472  
-1.63711e-05  -8.29195e-05  4.72002e-05  
6.41078e-05  -7.64009e-07  0.0001472  
-1.22288e-05  -8.63317e-05  4.72002e-05  
6.38884e-05  -3.38492e-06  0.0001472  
-1.6496e-05  -8.29811e-05  4.72002e-05  
5.74246e-05  -1.67642e-05  0.0001472  
-1.57202e-05  -9.97451e-05  4.72002e-05  
6.87419e-05  -3.31585e-05  0.0001472  
-1.18681e-05  -0.000112341  4.72002e-05  
7.0882e-05  -3.35697e-05  0.0001472  
-1.76305e-05  -0.000111502  4.72002e-05  
5.42521e-05  -3.58613e-05  0.0001472  
-3.13242e-05  -0.00011071  4.72002e-05  
4.20627e-05  -3.17062e-05  0.0001472  
-2.91015e-05  -0.000108275  4.72002e-05  
5.39093e-05  -3.07421e-05  0.0001472  
-3.14708e-05  -0.000110572  4.72002e-05  
5.44976e-05  -3.82545e-05  0.0001472  
-3.01511e-05  -0.000122442  4.72002e-05  
5.06926e-05  -4.42638e-05  0.0001472  
-7.23621e-06  -0.000120273  4.72002e-05  
8.21717e-05  -4.50186e-05  0.0001472  
4.76374e-06  -0.000121772  4.72002e-05  
9.32964e-05  -4.15384e-05  0.0001472  
6.65489e-06  -0.000125965  4.72002e-05  
8.31529e-05  -4.77572e-05  0.0001472  
1.67727e-06  -0.000124179  4.72002e-05  
8.33164e-05  -4.59797e-05  0.0001472  
-3.30832e-10  -0.000122613  4.72002e-05  
8.89878e-05  -5.00717e-05  0.0001472  
6.94581e-06  -0.000127635  4.72002e-05  
8.62914e-05  -4.77364e-05  0.0001472  
3.88086e-06  -0.000134474  4.72002e-05  
8.67507e-05  -4.85995e-05  0.0001472  
1.4802e-06  -0.000124023  4.72002e-05  
7.96178e-05  -4.77261e-05  0.0001472  
-5.57844e-06  -0.000130491  4.72002e-05  
6.85738e-05  -5.76084e-05  0.0001472  
-7.80924e-06  -0.000140043  4.72002e-05  
7.04309e-05  -7.23634e-05  0.0001472  
-1.29161e-05  -0.000147495  4.72002e-05  
7.56343e-05  -7.35282e-05  0.0001472  
-3.39391e-06  -0.000148313  4.72002e-05  
7.93989e-05  -6.97793e-05  0.0001472  
-1.08238e-05  -0.000130556  4.72002e-05  
7.40425e-05  -4.25196e-05  0.0001472  
-1.43933e-05  -0.000114254  4.72002e-05  
7.15186e-05  -4.02475e-05  0.0001472  
-1.44516e-05  -0.000114431  4.72002e-05  
6.69664e-05  -4.04588e-05  0.0001472  
-1.11027e-05  -0.000105669  4.72002e-05  
6.65108e-05  -1.80904e-05  0.0001472  
-1.23525e-05  -9.17653e-05  4.72002e-05  
6.96311e-05  -1.36096e-05  0.0001472  
1.99074e-06  -9.11794e-05  4.72002e-05  
8.47164e-05  -7.19154e-06  0.0001472  
1.1462e-05  -8.28131e-05  4.72002e-05  
9.07707e-05  -8.44271e-06  0.0001472  
1.4971e-05  -8.33791e-05  4.72002e-05  
9.52903e-05  -5.22522e-06  0.0001472  
2.39586e-05  -8.58375e-05  4.72002e-05  
-5.54202e-05  -0.000157756  -5.27998e-05  
3.2179e-05  -8.43514e-05  4.72002e-05  
0.00010564  3.7521e-06  0.0001472  
2.82827e-05  -6.21448e-05  4.72002e-05  
-4.77767e-05  -0.000141698  -5.27998e-05  
3.4482e-05  -6.42343e-05  4.72002e-05  
-3.74274e-05  -0.000131961  -5.27998e-05  
4.36604e-05  -4.12971e-05  4.72002e-05  
-4.18041e-05  -0.000123329  -5.27998e-05  
3.85619e-05  -3.96829e-05  4.72002e-05  
-4.14122e-05  -0.000121949  -5.27998e-05  
4.14408e-05  -5.58032e-05  4.72002e-05  
-4.66583e-05  -0.000128867  -5.27998e-05  
3.4197e-05  -4.46328e-05  4.72002e-05  
-4.92189e-05  -0.000110866  -5.27998e-05  
2.51091e-05  -3.15074e-05  4.72002e-05  
-5.8499e-05  -0.000116436  -5.27998e-05  
2.34587e-05  -4.5431e-05  4.72002e-05  
-5.41143e-05  -0.000110933  -5.27998e-05  
2.67428e-05  -3.17586e-05  4.72002e-05  
-5.70166e-05  -0.000113642  -5.27998e-05  
2.41676e-05  -4.37997e-05  4.72002e-05  
-5.05606e-05  -0.000112386  -5.27998e-05  
3.6135e-05  -3.87024e-05  4.72002e-05  
-2.62449e-05  -0.000115221  -5.27998e-05  
5.35292e-05  -3.68487e-05  4.72002e-05  